                                 enable  prepare  protect                                duty
   clock                          count    count    count        rate   accuracy phase  cycle
---------------------------------------------------------------------------------------------
 pll_fpp_2500m_clk                    0        0        0  2500000000          0     0  50000
    sysnce_out_clk                    0        0        0    25000000          0     0  50000
    clk_pon_125m                      0        0        0   125000000          0     0  50000
       pon_nppt_wclk_mux              0        0        0   125000000          0     0  50000
          pon_woe1_wclk               0        0        0   125000000          0     0  50000
    clk2500m                          0        0        0  2500000000          0     0  50000
       clk416m                        0        0        0   416666667          0     0  50000
 pll_1376m_clk                        1        1        0  1376256000          0     0  50000
    clk32k768                         1        1        0       32768          0     0  50000
       lsp1_32k                       2        2        0       32768          0     0  50000
          wdt3_clk_div                0        0        0       16384          0     0  50000
             wdt3_wclk                0        0        0       16384          0     0  50000
          wdt2_clk_div                0        0        0       16384          0     0  50000
             wdt2_wclk                0        0        0       16384          0     0  50000
          wdt1_clk_div                1        1        0       32768          0     0  50000
             wdt1_wclk                1        1        0       32768          0     0  50000
          wdt0_clk_div                1        1        0       32768          0     0  50000
             wdt0_wclk                1        1        0       32768          0     0  50000
       lsp0_32k                       0        0        0       32768          0     0  50000
          timer0_clk_mux              0        0        0       32768          0     0  50000
             timer0_clk_div           0        0        0       32768          0     0  50000
                timer0_wclk           0        0        0       32768          0     0  50000
       sd_cdet_clk                    0        0        0       32768          0     0  50000
    clk49m152                         0        0        0    49152000          0     0  50000
       lsp1_49m152                    0        0        0    49152000          0     0  50000
          tdm1_clk_div                0        0        0    24576000          0     0  50000
             tdm1_wclk                0        0        0    24576000          0     0  50000
          tdm0_clk_div                0        0        0    24576000          0     0  50000
             tdm0_wclk                0        0        0    24576000          0     0  50000
    clk172m                           0        0        0   172032000          0     0  50000
       pvt_pclk                       0        0        0   172032000          0     0  50000
    clk344m                           0        0        0   344064000          0     0  50000
    clk688m                           0        0        0   688128000          0     0  50000
    clk1376m                          0        0        0  1376256000          0     0  50000
       clk1376m_div                   0        0        0   688128000          0     0  50000
          pon_core_clk_mux            0        0        0   688128000          0     0  50000
             pon_core_wclk            0        0        0   688128000          0     0  50000
 pll_lsp_2000m_clk                    4        4        0  2000000000          0     0  50000
    clk1m                             0        0        0     1000000          0     0  50000
       pon_1m_clk                     0        0        0     1000000          0     0  50000
    clk50m                            1        1        0    50000000          0     0  50000
       clk1m22                        1        1        0     1190477          0     0  50000
          tempsensor_wclk             1        1        0     1190477          0     0  50000
    clk100m                           3        3        0   100000000          0     0  50000
       lsp1_100m                      2        2        0   100000000          0     0  50000
          mdio1_clk_div               1        1        0     2500000          0     0  50000
             mdio1_wclk               1        1        0     2500000          0     0  50000
          mdio0_clk_div               1        1        0     2500000          0     0  50000
             mdio0_wclk               1        1        0     2500000          0     0  50000
       lsp0_100m                      0        0        0   100000000          0     0  50000
       spifc_wclk_mux                 1        1        0   100000000          0     0  50000
          spifc_wclk                  1        1        0   100000000          0     0  50000
             spifc_clk_div            1        1        0   100000000          0     0  50000
                sfc_wclk              1        1        0   100000000          0     0  50000
       nand_wclk_mux                  1        1        0   100000000          0     0  50000
          nand_xclk                   1        1        0   100000000          0     0  50000
             nand_wclk                1        1        0    25000000          0     0  50000
    clk200m                           1        1        0   200000000          0     0  50000
       sec_wclk_mux                   0        0        0   200000000          0     0  50000
          sec_wclk                    0        0        0   200000000          0     0  50000
       sd_wclk_mux                    1        1        0   200000000          0     0  50000
          sd_wclk_div                 1        1        0    50000000          0     0  50000
             sd_wclk                  0        0        0    50000000          0     0  50000
    clk400m                           0        0        0   400000000          0     0  50000
       clk40m                         0        0        0    40000000          0     0  50000
       pon_woe0_wclk_mux              0        0        0   400000000          0     0  50000
          pon_woe0_wclk               0        0        0   400000000          0     0  50000
    clk62m5                           0        0        0    62500000          0     0  50000
    clk125m                           0        0        0   125000000          0     0  50000
       pon_smac_clk                   0        0        0   125000000          0     0  50000
       pon_synce_clk                  0        0        0   125000000          0     0  50000
    clk250m                           1        1        0   250000000          0     0  50000
       pon_mac_clk                    0        0        0   250000000          0     0  50000
       pon_rgmii_clk_mux              0        0        0   250000000          0     0  50000
          pon_rgmii_clk               0        0        0   250000000          0     0  50000
       sys_aclk                       2        2        0   250000000          0     0  50000
          pon_tm_aclk                 0        0        0   250000000          0     0  50000
             tzc400_pon_aclk          0        0        0   250000000          0     0  50000
          pon_idm_aclk                0        0        0   250000000          0     0  50000
          tzc400_matrix_aclk          0        0        0   250000000          0     0  50000
          usb_aclk                    1        1        0   250000000          0     0  50000
          lsp1_aclk                   0        0        0   250000000          0     0  50000
          ipsec_aclk                  0        0        0   250000000          0     0  50000
          dma_aclk                    0        0        0   250000000          0     0  50000
          sys_pclk                    2        2        0   125000000          0     0  50000
             pon_pclk                 0        0        0   125000000          0     0  50000
             uni_serdes_pclk          0        0        0   125000000          0     0  50000
             pon_serdes_pclk          0        0        0   125000000          0     0  50000
             tzc400_pclk              0        0        0   125000000          0     0  50000
             usb_pclk                 1        1        0   125000000          0     0  50000
             pcie_pclk                0        0        0   125000000          0     0  50000
             lsp1_pclk                0        0        0   125000000          0     0  50000
                efuse_pclk            0        0        0   125000000          0     0  50000
                pwm_pclk              0        0        0   125000000          0     0  50000
                i2s2_pclk             0        0        0   125000000          0     0  50000
                i2s1_pclk             0        0        0   125000000          0     0  50000
                i2s0_pclk             0        0        0   125000000          0     0  50000
                wdt3_pclk             0        0        0   125000000          0     0  50000
                wdt2_pclk             0        0        0   125000000          0     0  50000
                wdt1_pclk             0        0        0   125000000          0     0  50000
                wdt0_pclk             0        0        0   125000000          0     0  50000
                tdm1_pclk             0        0        0   125000000          0     0  50000
                tdm0_pclk             0        0        0   125000000          0     0  50000
                isi1_pclk             0        0        0   125000000          0     0  50000
                isi0_pclk             0        0        0   125000000          0     0  50000
                zsi1_pclk             0        0        0   125000000          0     0  50000
                zsi0_pclk             0        0        0   125000000          0     0  50000
                ssp1_pclk             0        0        0   125000000          0     0  50000
                ssp0_pclk             0        0        0   125000000          0     0  50000
                i2c1_pclk             0        0        0   125000000          0     0  50000
                i2c0_pclk             0        0        0   125000000          0     0  50000
                mdio1_pclk            0        0        0   125000000          0     0  50000
                mdio0_pclk            0        0        0   125000000          0     0  50000
             lsp0_pclk                1        1        0   125000000          0     0  50000
                sfc_pclk              0        0        0   125000000          0     0  50000
                uart2_pclk            0        0        0   125000000          0     0  50000
                uart1_pclk            0        0        0   125000000          0     0  50000
                uart0_pclk            1        1        0   125000000          0     0  50000
                timer0_pclk           0        0        0   125000000          0     0  50000
             pcu_pclk                 0        0        0   125000000          0     0  50000
             dma_pclk                 0        0        0   125000000          0     0  50000
          sys_hclk                    0        0        0   125000000          0     0  50000
             sec_hclk                 0        0        0   125000000          0     0  50000
             sd_hclk                  0        0        0   125000000          0     0  50000
             nand_hclk                0        0        0   125000000          0     0  50000
    clk500m                           0        0        0   500000000          0     0  50000
       pon_tm_clk_mux                 0        0        0   500000000          0     0  50000
       cci_aclk                       0        0        0   500000000          0     0  50000
          uni_serdes_50m_clk          0        0        0   500000000          0     0  50000
          gephy_pclk                  0        0        0   500000000          0     0  50000
          tzc400_cci_aclk             0        0        0   500000000          0     0  50000
          usb_cci_aclk                0        0        0   500000000          0     0  50000
          pcie_cci_aclk               0        0        0   500000000          0     0  50000
          ipsec_wclk                  0        0        0   500000000          0     0  50000
    clk1000m                          0        0        0  1000000000          0     0  50000
 osc50m                               0        0        0    50000000          0     0  50000
 osc25m                               2        2        0    25000000          0     0  50000
    lsp1_25m                          2        2        0    25000000          0     0  50000
       efuse_wclk                     0        0        0    25000000          0     0  50000
       pwm_wclk                       0        0        0    25000000          0     0  50000
       i2s2_wclk                      0        0        0    25000000          0     0  50000
       i2s1_wclk                      0        0        0    25000000          0     0  50000
       i2s0_wclk                      0        0        0    25000000          0     0  50000
       isi1_clk_div                   0        0        0      206612          0     0  50000
          isi1_wclk                   0        0        0      206612          0     0  50000
       isi0_clk_div                   0        0        0      206612          0     0  50000
          isi0_wclk                   0        0        0      206612          0     0  50000
       zsi1_wclk                      0        0        0    25000000          0     0  50000
       zsi0_wclk                      0        0        0    25000000          0     0  50000
       ssp1_clk_mux                   0        0        0    25000000          0     0  50000
          ssp1_clk_div                0        0        0    12500000          0     0  50000
             ssp1_wclk                0        0        0    12500000          0     0  50000
       ssp0_clk_mux                   0        0        0    25000000          0     0  50000
          ssp0_clk_div                0        0        0    12500000          0     0  50000
             ssp0_wclk                0        0        0    12500000          0     0  50000
       i2c1_clk_mux                   1        1        0    25000000          0     0  50000
          i2c1_wclk                   1        1        0    25000000          0     0  50000
       i2c0_clk_mux                   1        1        0    25000000          0     0  50000
          i2c0_wclk                   1        1        0    25000000          0     0  50000
    lsp0_25m                          1        1        0    25000000          0     0  50000
       uart2_clk_mux                  0        0        0    25000000          0     0  50000
          uart2_wclk                  0        0        0    25000000          0     0  50000
       uart1_clk_mux                  0        0        0    25000000          0     0  50000
          uart1_wclk                  0        0        0    25000000          0     0  50000
       uart0_clk_mux                  1        1        0    25000000          0     0  50000
          uart0_wclk                  2        3        0    25000000          0     0  50000
    pcu_wclk                          0        0        0    25000000          0     0  50000
    pcie_25m_mux                      0        0        0    25000000          0     0  50000
    pll_2000m_clk                     0        0        0  2000000000          0     0  50000
       clk1000m_cpu                   0        0        0  1000000000          0     0  50000
          a53_mclk                    0        0        0  1000000000          0     0  50000
